x=50
[[0.991377 0.000000 0.000000 1.722087 0.000000 0.000000]
 [0.000000 0.991377 0.000000 0.000000 1.722087 0.000000]
 [0.000000 0.000000 0.997711 0.000000 0.000000 4.577079]]

x=-50
[[0.991377 0.000000 0.000000 1.722087 0.000000 0.000000]
 [0.000000 0.991377 0.000000 0.000000 1.722087 0.000000]
 [0.000000 0.000000 0.997711 0.000000 0.000000 4.577079]]

x=173
[[0.991377 0.000000 0.000000 1.722087 0.000000 0.000000]
 [0.000000 0.991377 0.000000 0.000000 1.722087 0.000000]
 [0.000000 0.000000 0.997711 0.000000 0.000000 4.577079]]

y=63
[[0.991377 0.000000 0.000000 1.722087 0.000000 0.000000]
 [0.000000 0.991377 0.000000 0.000000 1.722087 0.000000]
 [0.000000 0.000000 0.997711 0.000000 0.000000 4.577079]]

theta=77
[[0.223011 0.965968 0.000000 1.722087 -0.000000 0.000000]
 [-0.965968 0.223011 0.000000 -0.000000 1.722087 0.000000]
 [0.000000 0.000000 0.997711 0.000000 0.000000 4.577079]]